Taxa Eccentricity Solidity Area CH.Vertices CH.Area Minor.Axis Major.Axis Perimeter Longest.Path region sub-population seed_weight
310007 0.941112859 0.96946284 316.54 23 324.4025 3.41864109075 10.0351918765 25.7545705545 71.23 Indonesia TRJ 3.0213
310015 0.8704277055 0.9964048325 221.7225 23 222.955 3.3944793316 6.837888203025 18.4239461035 48.79 Indonesia IND 2.2592
310045 0.92011894 0.997146933 274.635 24 273.8275 3.17999914185 8.7483567825 21.5749868495 59.755 United States TRJ 2.6171
310052 0.94827598 0.991585046 269.45 23 272.595 3.000711021 9.4824480455 22.8197830855 64.09 Philippines TRJ 2.8824
310080 0.941921144 0.9902674475 285.26 25 287.1725 3.183415756375 9.55123946775 23.13769281375 63.9625 Taiwan TRJ 1.8242
310100 0.8834211755 0.9763849105 252.96 22 256.4875 3.56252654075 7.6807193757 21.07352979575 54.4425 China IND 2.2758
310102 0.9082648905 0.983325783 250.4525 22 254.93625 3.370972881225 8.1294544221 21.677072742 57.63 Venezuela TRJ 2.5981
310111 0.951486621 0.9880808715 252.4075 23 254.34125 2.895584383125 9.4118904295 22.54592791375 63.325 Spain TEJ 3.1524
310131 0.924715279 0.987338001 266.56 23 271.83 3.2715262791 8.611751863 22.072905349 59.585 El Salvador TRJ 3.0043
310134 0.858182623 0.991867105 253.045 23 254.7025 3.691490364 7.19390579215 19.6637379475 51.68 Costa Rica IND 2.48
310144 0.856285272 0.9965940515 248.4125 23 250.1125 3.7101184846 7.0678130343 19.33228089375 49.9375 Belize TRJ 2.8792
310161 0.8162479885 0.9965945135 256.7 24 258.54875 3.972527580575 7.00151119235 19.7487379475 50.9575 Japan TEJ 2.4335
310196 0.895296723 0.99352285 231.625 23 233.9625 3.34050512295 7.4241234208 19.423321644 52.87 Suriname IND 2.3937
310200 0.949221331 0.9795035135 235.0675 21 240.4225 2.862052793475 8.94975027025 21.94165205925 58.99 Panama IND 2.3421
310204 0.868988204 0.995172969 308.295 26 310.165 4.00708217625 8.2867269896 21.964778702 58.14 Poland TEJ 2.6566
310210 0.892360118 0.997662343 306.765 26 308.295 3.8274678611 8.4651629829 21.9630094185 59.415 Russian Federation TEJ 2.7925
310211 0.93707579 0.974504249 219.555 22 226.015 2.906387558 8.0026586913 20.7164439075 57.545 Portugal TEJ 2.8573
310219 0.9390273565 0.9924096335 214.37 22 218.11 2.8403603553 8.110075015825 20.19259311925 56.1425 Afghanistan ARO 2.3646
310220 0.932764599 0.989983694 181.56 21 183.77 2.6246987633 7.31899078405 18.470199389 51.085 Afghanistan AUS 2.6733
310226 0.947179406 0.991742362 240.38 23 243.4825 2.9634311107 9.0947561605 21.899366782 59.585 Japan TEJ 2.089
310238 0.8954671635 0.9949585865 241.6125 24 243.3975 3.3935093405 7.546456833075 19.8568645945 54.3575 Senegal TRJ 2.9172
310241 0.9043779 0.997807704 249.475 23 252.2375 3.3766793439 7.8791294476 20.306027604 54.995 Uzbekistan TEJ 2.6077
310301 0.903795718 0.997083485 248.795 24 250.495 3.3530898855 7.85391193405 20.094778702 54.4 Argentina TEJ 2.9183
310317 0.904565399 0.995146655 221.85 23 222.6575 3.1786262703 7.3493288421 19.050615684 51.085 India AUS 1.6525
310345 0.904079605 0.996440075 233.835 23 235.4925 3.2536896513 7.71060996995 19.7135298 53.55 Australia TEJ 2.078
310348 0.932552468 0.993768176 214.37 23 213.4775 2.8377994345 7.85565444935 19.6345705545 54.23 Papua New Guinea TRJ 3.114574468
310351 0.945226873 0.989311829 243.695 23 246.47875 2.931498880625 8.91214578575 21.633321644 59.33 India IND 2.0127
310354 0.9315956385 0.9909912665 245.8625 23 248.285 3.051339950525 8.3956786347 21.1457153785 59.2875 Malaysia TRJ 2.5731
310381 0.960520748 0.979964507 272.085 22 278.52375 2.894165630275 10.42983015275 24.6993623985 67.8725 Pakistan AUS 1.5217
310389 0.956539171 0.984126984 235.195 22 236.895 2.7901964 9.2244876485 22.105611309 62.39 Korea IND 2.4361
310397 0.918740367 0.991393514 229.5 23 231.60375 3.1103421306 7.894117870325 20.06988277575 55.42 Uruguay TEJ 2.4423
310415 0.935938074 0.988366534 277.1 24 280.8825 3.2158079342 9.239897273 22.868109113 62.475 Taiwan IND 2.1711
310420 0.916192936 0.992644707 280.075 24 281.095 3.4498098759 8.6153912315 22.0970683585 59.67 Vietnam IND 1.8132
310428 0.908139005 0.991241188 224.825 23 226.0575 3.1847302631 7.59339969595 19.6139461035 53.55 Indonesia TRJ 2.3067
310440 0.933410376 0.9902308265 177.82 22 179.20125 2.6514934255 7.26122447975 18.1938420255 50.405 Guyana IND 2.1362
310446 0.948879204 0.9859266325 282.9225 23 286.45 3.096013717575 9.82574177 23.68290096125 66.4275 Malaysia IND 1.8561
310471 0.938703316 0.991799612 239.785 23 242.42 2.9775537876 8.518412173 21.1318645945 58.99 Myanmar AUS 2.6137
310475 0.907199258 0.989252225 279.82 23 284.89875 3.58559622755 8.34458181375 21.78196428475 58.6925 Suriname IND 2.171
310480 0.932462842 0.993494068 254.32 24 256.4875 3.18296699505 8.512512782 21.126860211 58.395 Guinea IND 2.7569
310481 0.931903581 0.995666101 213.18 22 213.6475 2.86699418985 7.7762477494 19.5349868495 53.635 India IND 2.3212
310489 0.881283231 0.998546813 214.37 23 214.8375 3.28076997725 6.8953947826 18.279574938 49.045 China IND 2.4028
310510 0.951257716 0.988005331 188.615 21 191.335 2.47905312565 8.08116203335 19.8251950055 55.845 Fiji TEJ 2.0793
310515 0.917467797 0.993843951 259.7175 25 262.5225 3.2991207029 8.426293601925 21.3431134965 58.2675 Thailand IND 2.7877
310519 0.9269847595 0.994785542 223.0825 22 224.0175 2.990245714325 7.8732949065 19.79852979575 54.2725 Chad IND 2.1742
310546 0.924004285 0.992642898 229.67 24 230.1375 3.04177362425 8.0690552139 20.000199389 55.42 Malaysia IND 1.367
310566 0.932338077 0.99138997 309.57 25 311.41875 3.46042060865 9.57928573625 23.7807153785 65.45 Ecuador IND 2.6625
310588 0.940949952 0.988745981 245.82 23 247.3075 3.0240624811 8.9135176815 21.6831134965 61.54 Zaire TRJ 2.8986
310630 0.868478609 0.995794241 285.345 25 286.0675 3.9145248985 7.80430049915 20.912072742 55.335 Thailand IND 2.8616
310632 0.831605211 0.998670876 192.9925 22 192.29125 3.38148066495 6.026606159475 16.67665644275 42.7125 Philippines IND 2.2165
310645 0.872830509 0.987829892 204.85 22 208.7175 3.38614093785 6.5323659519 18.0718645945 46.75 Guinea TRJ 2.9133
310670 0.910696447 0.991779429 268.515 23 271.34125 3.45998514175 8.3067321969 21.37405017725 57.5025 Russian Federation TEJ 2.9781
310687 0.883670984 0.994934877 224.91 23 226.1425 3.3490850833 7.0761903385 18.880615684 50.66 Philippines IND 2.569
310693 0.922060801 0.992767806 231.03 23 232.45375 3.079989318675 7.929236659875 20.1780094185 56.1 Sri Lanka IND 1.8891
310703 0.90555786 0.9505432965 271.9575 21 286.64125 3.588758144675 8.3551708222 22.686027604 63.1125 Nepal AUS 2.0436
310714 0.838886964 0.988033577 231.54 22 235.195 3.619722977 6.64798545855 18.7931134965 48.195 Iran AUS 2.702
310715 0.920931213 0.993383975 214.2 22 216.7925 3.07636972415 7.9983928677 20.000199389 53.21 Bhutan AUS 1.6116
310724 0.903017051 0.991328853 380.8 26 381.8625 4.1576992038 9.7144723925 25.069566171 68.765 Azerbaijan ARO 2.9155
310757 0.951952318 0.985860728 228.48 22 233.41 2.8431440356 8.9585189425 22.143321644 61.03 India IND 2.6392
310767 0.935576454 0.986777186 233.495 23 236.4275 2.95243257565 8.658183708 21.4391586345 58.905 Hungary TEJ 3.0645
310773 0.9599982405 0.9815113985 242.6325 21 247.32875 2.71827272435 9.41846198775 22.321131682 60.86 Cuba IND 2.3902
310777 0.925577356 0.9910094025 376.9325 26.5 379.71625 3.8928663443 10.31345222425 25.94873356825 71.1875 Peru TRJ 2.9918
310779 0.874742631 0.984794663 207.8675 21 210.31125 3.320608215425 6.75382949855 18.38092791375 49.3 Guatemala TRJ 3.257526882
310788 0.9330315805 0.992405864 289.2125 24 291.82625 3.331070442125 8.95806272625 22.41040315725 61.625 India IND 1.9121
310791 0.904922286 0.994922465 292.995 25 292.9525 3.6293337247 8.6359661445 22.176027604 61.03 China IND 1.8562
310802 0.9063045615 1.000989632 190.9525 23 191.27125 2.929297389975 6.8989453125 17.7404075365 48.535 Japan TEJ 1.9091
310809 0.943421889 0.987665329 298.35 24 304.81 3.29093681365 9.8253837925 24.3739461035 67.915 Korea_ South TEJ 2.3949
310814 0.853270824 0.99251379 213.35 22 215.305 3.4322689631 6.5988500211 18.001448291 47.26 Haiti TRJ 2.893
310846 0.8995925955 0.998821445 188.785 21.5 189.23125 2.96917534865 6.74474662805 17.47259311925 47.855 Taiwan IND 2.399
310849 0.905317655 0.999213218 211.055 23 211.2675 3.0690342335 7.29908447255 18.540615684 51.68 China IND 2.2386
310861 0.960961355 0.990291262 192.78 21 195.8825 2.3748141194 8.48152816805 19.85082384 55.165 Japan TEJ 2.4537
310879 0.964272419 0.983271651 203.915 21 207.7825 2.4050185872 9.314277458 21.712280898 60.52 Turkey TEJ 2.7601
310883 0.963451351 0.9863355015 212.5425 21.5 216.72875 2.535983109425 8.545489252375 20.66988715925 56.695 Japan TEJ 2.5346
310906 0.947312711 0.99291014 236.895 23 238.1275 2.85485818905 8.7220154185 21.3672765145 59.5 Italy TEJ 4.474857143
310932 0.9573552885 0.985304865 257.3375 23 260.865 2.831790122775 9.83847406025 23.4037379475 65.025 Mexico IND 3.048181818
310945 0.889794259 0.994185936 243.9075 23 245.7775 3.43622674925 7.5500777247 19.8131134965 52.87 India AUS 2.0769
310958 0.895044454 0.998522895 212.925 23 212.7975 3.15881139755 7.1074622346 18.6316564385 50.575 Afghanistan ARO 2.3582
310965 0.831202658 0.997586484 239.955 24 240.04 3.81127323185 6.8052865597 18.7931134965 48.705 Portugal TEJ 3.791728395
310984 0.948827885 0.993779729 227.63 23 231.5825 2.76161285415 8.305144997 20.7179097325 54.655 Hungary TEJ 2.5018
310990 0.962352776 0.982758621 221.085 21 222.6575 2.5544127087 9.2504113735 21.9149868495 60.265 Senegal TRJ 2.8204
310998 0.937997487 0.9893338515 231.88 22 234.43 2.9250377276 8.535621375 20.88040315725 56.0575 Bolivia TRJ 3.228351648
311016 0.924395967 0.99015425 238.68 23 242.675 2.88061103855 8.2994005967 21.1404075365 57.8 Philippines IND 2.0302
311074 0.9062642345 0.9960325775 207.825 22 209.865 3.04613121045 7.2210853386 18.6547830855 51.085 Indonesia TRJ 2.939
311100 0.944151435 0.9863422675 258.995 22.5 263.47875 3.0542387391 9.22393966625 22.599991233 60.9025 India AUS 1.6006
311105 0.9524847665 0.9817657705 229.1175 22 230.71125 2.729585943425 9.07452690425 21.9904075365 60.18 Taiwan IND 2.2945
311111 0.930145662 0.9916497635 241.7825 23 242.25 3.11920678145 8.55874131975 21.1972765145 57.63 India AUS 1.5992
311113 0.895897659 0.995564317 202.3 23 201.365 3.14723375325 6.73260025045 17.8691586345 48.96 Hong Kong IND 2.5273
311117 0.850588677 1.001727116 177.48 21 177.14 3.21760589585 5.86082302095 15.932280898 41.565 Cambodia IND 1.5589
311123 0.849206702 0.993059082 232.135 21 234.26 3.6115168764 6.8999997715 18.8635298 47.6 Italy IND 2.6448
311140 0.8949679645 0.9811600475 262.9475 23 268.345 3.64051400165 8.360299798275 22.10561130475 58.0125 India IND 2.4194
311141 0.942543874 0.987951807 244.46 22 246.5 2.95711149245 8.7069961905 21.4049868495 58.905 Mali AUS 2.1588
311151 0.922464175 0.9908842435 296.7775 24 301.17625 3.383958902425 9.035742148 22.88165644275 62.73 Thailand IND 2.2619
311153 0.915244872 0.993579454 292.74 25 293.0375 3.71655191445 8.9448453495 22.105611309 60.01 Philippines IND 2.5667
311167 0.944541906 0.994305715 263.1175 24 265.85875 3.08995625505 8.95055765125 21.44696866825 58.395 Taiwan IND 2.4713
311181 0.932828966 0.994746896 225.08 22 225.25 2.89321914635 8.0526300434 20.1410319875 56.185 Nepal AUS 2.0484
311185 0.927434782 0.993523316 225.76 23 227.46 3.01623964295 7.7777593996 19.862905349 53.55 Spain TEJ 3.063469388
311188 0.884255416 0.996260284 217.94 23 219.5125 3.2884164234 7.06626247365 18.499366782 49.555 Indonesia AUS 2.0094
311206 0.879228018 0.995388436 238.17 23 238.0425 3.4679963688 7.21732631645 19.062697193 51.17 Guyana ARO 2.6303
311236 0.896177371 0.985920052 228.14 21 229.8825 3.30852603875 7.44743240385 19.763321644 52.615 Indonesia IND 2.3424
311249 0.907528237 0.984007526 222.275 22 225.8875 3.204518547 7.4165509034 19.763321644 52.615 Dominican Republic IND 2.2926
311255 0.9129497935 0.992957123 212.925 23 216.00625 3.027768649825 7.456566505125 19.29707274625 52.5725 Fiji AUS 2.5423
311258 0.89616507 0.9965875835 190.4425 23 191.27125 3.015723438375 6.8129732134 17.62624013925 47.94 Zaire TRJ 2.6739
311266 0.921131263 0.9853886675 215.05 21 215.36875 2.96307719195 7.64492290495 19.39061568825 53.5075 India IND 1.9404
311278 0.899855718 0.992205261 260.185 23 265.5825 3.45820922825 7.9674134447 20.8210319875 56.78 Egypt AUS 2.3045
311284 0.877213661 0.996817075 209.1 22 211.225 3.2647403908 6.7409302139 18.171448291 49.13 Argentina AUS 1.9473
311286 0.871376539 0.994481913 207.91 22 209.185 3.2595601848 6.7077231976 18.0718645945 48.11 Uzbekistan IND 2.5495
311327 0.887757252 0.997155628 256.02 25 255.2125 3.554234676 7.68724456815 20.211448291 54.57 Azerbaijan ARO 2.7264
311385 0.890939499 0.996084896 197.795 21 199.495 3.0710627364 6.7906823731 17.939574938 47.43 Myanmar TRJ 1.6606
311393 0.8638792275 0.9709323065 197.2425 19 203.17125 3.275119285625 6.489482040475 18.5054075365 46.2825 Azerbaijan TEJ 3.1486
311417 0.9083554695 0.98932947 200.3025 21 201.38625 2.99652285595 7.115845050625 18.28134421725 50.065 Thailand IND 2.685
311423 0.903086989 0.9967801315 211.82 22 213.37125 3.13334794075 7.247773322825 18.75186459025 51.17 Philippines IND 2.6829
311435 0.892607202 0.997563261 205.785 22 206.55 3.17411758385 6.9583782577 18.3243623985 48.11 Vietnam IND 3.1547
311466 0.903588948 0.995571659 210.205 22 213.01 3.08038846975 7.2814355851 18.702072742 51 China IND 2.913
311483 0.913353318 0.995057034 198.39 22 200.26 2.9200601769 7.19647190135 18.5612401435 49.98 China IND 2.5419
311484 0.9071948025 0.9982439565 186.9575 22 187.91375 2.883124942875 6.891199970125 17.65290534475 48.195 China IND 2.3171
311491 0.878634828 0.985759494 225.25 22 228.31 3.40779203415 6.99854690575 18.743321644 50.235 China IND 2.347
311497 0.9506398655 0.9850877135 250.8775 22 256.16875 2.99785325045 9.41699314525 22.80196428475 61.2425 China TEJ 2.2977
311532 0.9341653225 0.989318421 293.4625 24 295.5875 3.34064844145 9.521213018 23.676860211 64.7275 Turkey TEJ 2.2796
311537 0.9039756205 0.991090886 191.0375 21 193.09875 2.94533929845 6.867203254625 17.94988715925 48.195 Japan TEJ 2.2055
311539 0.902425477 0.997105644 202.81 21 204.2125 3.01470270185 7.0479287718 18.142280898 50.235 Japan AUS 2.2109
311544 0.9022280205 0.967921404 166.005 19 173.825 2.7882915976 6.476986446325 18.1010319875 45.985 Sri Lanka AUS 1.8958
311545 0.912648463 0.966243716 178.84 19 187.6375 2.7815428356 6.87134132365 18.4445705545 47.345 Sri Lanka AUS 2.538
311547 0.954693493 0.9828545155 259.4625 23 262.33125 2.898517379525 9.8027025625 23.68894171575 65.1525 Sri Lanka AUS 2.7125
311554 0.9228940255 0.9829473685 204.85 20 206.89 2.8817277524 7.409570141125 19.106448291 51.8925 Cambodia IND 2.1564
311561 0.921135499 0.992332149 215.39 22 215.7725 3.00567722335 7.6045869446 19.74623576 53.635 Vietnam AUS 2.6868
311563 0.918969665 0.989662965 233.835 23 239.2325 3.117350616475 8.121216869375 20.65457055025 57.8425 Bangladesh AUS 2.4622
311572 0.9014499745 0.9908465455 280.3725 24 281.69 3.6399956895 8.142971401325 21.475403153 58.735 Bangladesh AUS 2.0923
311573 0.9171936455 0.9911279665 180.2425 21 180.90125 2.757804222175 6.78691394825 17.507801271 47.7275 Bangladesh AUS 2.6832
311576 0.9031853015 0.9804009865 221.425 21.5 229.30875 3.25197031975 7.382370166625 19.568425722 52.3175 Bangladesh AUS 1.988
311592 0.9298165845 0.97646891 163.71 18 173.8675 2.409508953175 7.863740901825 19.02498685375 51.935 Uzbekistan AUS 2.1532
311596 0.9463290755 0.964445054 189.3375 18 197.5825 2.586226424975 7.68928409555 19.59759311925 53.0825 Sierra Leone AUS 2.0912
311603 0.895903657 0.996878658 247.01 25 247.9025 3.42487024265 7.71998012515 20.0535298 53.295 Sierra Leone AUS 2.1922
311606 0.938846583 0.9808203745 235.025 21 239.33875 2.990259656875 8.71980371425 21.1414439075 56.015 Nepal IND 2.1765
311613 0.938546226 0.986572438 224.995 22 227.63 2.88602632565 8.41238330815 20.862280898 57.205 Afghanistan AUS 1.8429
311620 0.9277381905 0.9899165585 249.56 23 251.19625 3.1139571857 8.63738312 21.300095311 59.1175 Portugal TEJ 2.4363
311635 0.9024963785 0.9937331085 250.2825 24 252.76875 3.3315036391 7.9927431489 20.5051950055 55.8025 Sri Lanka IND 2.585
311642 0.9346112955 0.99303267 271.0225 24 272.935 3.2332505989 9.153486783 22.106344213 62.0075 Indonesia TRJ 2.5357
311643 0.911866713 0.9933308405 193.375 22 196.24375 3.0260066793 6.719688644625 18.21696866825 48.11 Malaysia TRJ 3.154897959
311644 0.9102110105 0.990347095 212.5 22 214.2 3.034211969 7.5116707229 19.42759311925 53.125 India AUS 1.2583
311654 0.955509266 0.987565732 225.59 22 229.73375 2.701525735775 9.13264210125 21.55436240275 60.2225 Chad AUS 2.1513
311656 0.937939353 0.991284999 198.985 21 198.9 2.6824563126 7.62980834945 19.1245705545 54.145 Bangladesh AUS 2.0026
311667 0.8905701245 0.995391559 229.7975 23 232.305 3.3602462293 7.369280548275 19.27394609925 52.105 Mali AUS 2.3366
311668 0.938000856 0.993091307 254.405 24 257.5075 3.096233234325 8.824486293 21.9338420255 60.4775 Pakistan AUS 2.014
311677 0.910053646 0.993726937 237.575 23 240.4225 3.2620792771 7.96792770405 20.3849868495 55.25 Bulgaria TEJ 2.958484848
311684 0.956726186 0.9871771765 273.9125 23 276.05875 2.908872928675 9.759957754 23.72238058825 65.365 Kazakhstan AUS 1.7397
311685 0.953577723 0.987594554 245.99 22 249.475 2.89204277015 9.050482525 21.5579009655 59.33 Russian Federation TEJ 1.8715
311690 0.870758136 0.998500341 239.3175 24 240.40125 3.52722746875 7.153940124525 19.16832164825 50.6175 Senegal AUS 2.3639
311692 0.927629548 0.952523141 132.77 16 142.29 2.36594979325 6.38247524255 17.0518645945 42.67 Chad AUS 3.071
311710 0.960274542 0.9848088 243.78 21 247.28625 2.722885089125 9.77650192025 23.1127968875 64.515 Vietnam TRJ 1.8737
311713 0.880120402 0.9877105045 199.495 21 202.32125 3.28802473065 6.790466098675 18.175719762 48.62 Jamaica IND 2.3457
311727 0.898831149 0.9934165585 242.76 24 244.86375 3.3324011609 7.774586620325 20.0930094185 54.3575 Thailand IND 3.043814433
311734 0.920392306 0.993072414 220.83 23 221.51 3.0564034273 7.79925745 19.904154251 52.9125 India IND 2.3737
311735 0.923986546 0.990446384 218.0675 22 223.40125 2.985553665025 7.866191902325 20.049258329 54.485 Brunei TRJ 2.3869
311736 0.925353211 0.978312375 231.455 21 239.0625 3.13071746785 7.9482081605 20.745611309 55.165 Bulgaria TRJ 2.8636
311739 0.921732025 0.992768906 295.375 25 296.055 3.49530399325 9.2141064795 22.8439461035 62.73 Japan IND 1.5522
311741 0.935912635 0.9919109165 217.0475 22.5 217.96125 2.87888230345 7.92968574505 19.742697193 55.675 Vietnam IND 2.1678
311744 0.924806662 0.996393612 221.425 23 222.275 2.9738025472 7.74364059425 19.4439461035 54.57 Vietnam IND 2.2366
311745 0.950646809 0.989512647 265.965 25 269.45 3.0420884702 8.8932910135 21.604154251 59.16 Hong Kong IND 1.8692
311748 0.869997468 0.9939839345 255.935 23.5 255.34 3.59428367635 7.59969078055 20.062072742 52.2325 Burkina Faso IND 2.3356
311751 0.93593112 0.992683866 255.17 24 257.04 3.09255332975 8.879257505 21.9064439075 60.18 Burundi IND 2.177
311765 0.905808758 0.995773987 263.415 24 265.285 3.43790117275 8.20348766345 21.2143623985 57.29 Sierra Leone AUS 2.1701
311769 0.880579113 0.996118012 267.325 24 267.6225 3.6501887892 7.6980608751 20.3643623985 54.06 Philippines ARO 1.8584
311775 0.9313189405 0.9891310315 273.87 24 279.1825 3.336973238225 9.032304782 22.52206836275 61.03 Sri Lanka AUS 2.1853
311779 0.9141159655 0.9882387345 245.905 23.5 248.26375 3.267851400575 7.844698067075 20.31103199175 55.0375 Uncertain TRJ 3.827564103
311781 0.937587009 0.990893114 279.735 24 279.65 3.2237679292 9.332209092 23.026027604 63.325 Indochina IND 2.4964
311788 0.849274822 0.998345056 224.74 23 225.165 3.53610752075 6.6936877443 18.192072742 48.195 Brazil TRJ 2.8566
311790 0.932530978 0.992963253 207.825 21 210.4175 2.8244581983 7.7164464567 19.2824890455 52.445 Cote D'Ivoire TRJ 2.4707
311792 0.936690968 0.992592593 202.215 22 201.28 2.7447856141 7.64076343505 19.1537379475 52.445 United States TRJ 2.1088
311793 0.880467101 0.998726525 209.9075 23 210.46 3.238963870925 6.96439826965 18.23759311925 49.3 Philippines IND 2.36
311794 0.9127911525 0.9979798225 201.4925 23 202.555 2.94487254135 7.23564153675 18.4367605165 50.2775 United States TEJ 2.7488
311795 0.848681297 1.000368053 204.425 23 205.36 3.3805541233 6.4887823107 17.462280898 45.645 Japan TEJ 2.4107
